0.8428708653947439
0.8428708653947439
0.8428708653947439
0.8428708653947439
0.8428708653947439
0.8428708653947439
0.8428708653947439
0.8428708653947439
0.8428708653947439
0.8428708653947439
0.8428708653947439
0.8428708653947439
0.8428708653947439
0.8428708653947439
0.8428708653947439
0.8428708653947439
0.8428708653947439
0.8428708653947439
0.8428708653947439
0.8415229906507445
0.837179965525293
0.8325245365589223
0.8275731195985813
0.8222138536373503
0.8165608959687582
0.8105135842063341
0.8041365816369613
0.7973751132502785
0.7901937594380366
0.7826111336312093
0.7746257226374706
0.7663081427296212
0.7575205800556538
0.7483327838411431
0.7387774623265292
0.7289853783747436
0.7191480421273867
0.7088769147156198
0.6982517370655594
0.6873111118715504
0.6892975981400598
0.6989926161970402
0.7772553344262126
0.8591059154230176
0.937344013328169
0.9890035018383501
0.9627085213241109
0.936643131632072
0.9112149195614058
0.886303891687502
0.8619600397558669
0.8384363938173853
0.8157201786947897
0.7938914950001946
0.7872914578247405
0.7916771918505602
0.7957820578518098
0.7995845213991855
0.8031841559138827
0.8064927212362406
0.8095536055110087
0.8124025720578433
0.8150373049716789
0.8174816073404089
0.819720705962792
0.8218354853818547
0.823755218329299
0.8254872485164602
0.8271507103426308
0.8286421428451175
0.8300220810153239
0.831287760213183
0.8324562678751589
0.833531598961931
0.8345266338390456
0.8354499218940733
0.8362547655320665
0.8370315990620186
0.8377338039086443
0.8383722799047744
0.8389579770342597
