0.9999845225186614
0.9999845225186614
0.9999845225186614
0.9999845225186614
0.9999845225186614
0.9999845225186614
0.9999845225186614
0.9999845225186614
0.9999845225186614
0.9999845225186614
0.9999845225186614
0.9999845225186614
0.9999845225186614
0.9999845225186614
0.9999845225186614
0.9999845225186614
0.9999845225186614
0.9999845225186614
0.9999845225186614
0.9986294164243813
0.9942642764782517
0.9895865301942627
0.9846094668462204
0.9792193351638164
0.9735295640416514
0.967442791791418
0.9610219771014383
0.9542121768370497
0.946970891159303
0.9393230801711789
0.931266849258862
0.9228705617547687
0.9139881681117763
0.9046978637971036
0.9047744762253311
0.9423554723063612
0.9797910867629999
1.0165819224044466
1.0525278429481288
1.0867663227307491
1.1314272489268018
1.1847048593248966
1.236147321395244
1.2855681863162038
1.3034411239341936
1.2888082369640592
1.2742358236607514
1.2598544539344398
1.2457609201599973
1.2319110239010178
1.2184847424487955
1.205423521671773
1.1928501476223108
1.1807209031397652
1.1690099263295104
1.1577784395646706
1.147173099607246
1.1368988191157892
1.1274819832822136
1.1184356179138226
1.109840083418442
1.1018722007872899
1.0942914789200324
1.0872325641479013
1.0805448654486205
1.0744579986624418
1.0686473029513577
1.0632173073808264
1.0583797259622614
1.0536868715182364
1.049453978085086
1.0454307469124426
1.0417106613324887
1.0383860504316547
1.0354928071871738
1.0325603408752302
1.029695652621208
1.0273199605596126
1.025073763704269
1.0230224305730993
1.0211565516099335
